0 0.2296875 0.50078125 0.0265625 0.10234375
0 0.259375 0.484375 0.02265625 0.10078125
0 0.28203125 0.46953125 0.02109375 0.0984375
2 0.35546875 0.540625 0.0140625 0.08359375
2 0.2015625 0.42265625 0.01640625 0.0640625
2 0.3 0.375 0.01328125 0.059375
2 0.30078125 0.54375 0.01640625 0.075
2 0.63671875 0.409375 0.0109375 0.065625
2 0.6953125 0.36484375 0.01171875 0.05859375
2 0.75234375 0.31953125 0.01328125 0.05078125
2 0.8 0.28359375 0.01328125 0.0484375
2 0.82265625 0.25 0.00625 0.03671875
2 0.675 0.68828125 0.01875 0.09453125
2 0.6078125 0.659375 0.0171875 0.08984375
0 0.057951482812499996 0.4302884609375 0.057951482812499996 0.43509615312500005 0.056603773437500005 0.43509615312500005 0.056603773437500005 0.4615384609375 0.057951482812499996 0.4615384609375 0.057951482812499996 0.4759615390625 0.059299190625 0.4759615390625 0.059299190625 0.5264423078125 0.060646900000000004 0.5264423078125 0.060646900000000004 0.53125 0.061994609374999995 0.53125 0.061994609374999995 0.533653846875 0.0673854453125 0.533653846875 0.0673854453125 0.5360576921875 0.07681940625 0.5360576921875 0.07681940625 0.533653846875 0.087601078125 0.53125 0.087601078125 0.528846153125 0.0916442046875 0.528846153125 0.0916442046875 0.5264423078125 0.094339621875 0.5264423078125 0.094339621875 0.5240384609375 0.09973045781249999 0.521634615625 0.09973045781249999 0.5072115390625 0.09838274999999999 0.5072115390625 0.09838274999999999 0.49759615312500005 0.097035040625 0.49759615312500005 0.097035040625 0.490384615625 0.09568733125 0.490384615625 0.09568733125 0.4855769234375 0.094339621875 0.4855769234375 0.094339621875 0.478365384375 0.0929919140625 0.478365384375 0.0916442046875 0.45673076874999996 0.0902964953125 0.45673076874999996 0.0902964953125 0.44951923125000004 0.0889487875 0.44951923125000004 0.0889487875 0.44230769218750005 0.087601078125 0.44230769218750005 0.087601078125 0.43269230781249995 0.08625336875 0.43269230781249995 0.08625336875 0.427884615625 0.0849056609375 0.427884615625 0.0849056609375 0.42548076874999996 0.0822102421875 0.42548076874999996 0.08086253437499999 0.4206730765625 0.07681940625 0.4206730765625 0.07681940625 0.41826923125000004 0.0754716984375 0.41826923125000004 0.0754716984375 0.4206730765625 0.06334231875 0.4230769234375 0.06334231875 0.42548076874999996 0.060646900000000004 0.42548076874999996 0.060646900000000004 0.427884615625 0.057951482812499996 0.4302884609375
2 0.13342318125 0.43509615312500005 0.13342318125 0.43990384687499995 0.132075471875 0.43990384687499995 0.132075471875 0.44951923125000004 0.1307277625 0.44951923125000004 0.1307277625 0.46875 0.132075471875 0.46875 0.132075471875 0.47355769218750005 0.13342318125 0.47355769218750005 0.1347708890625 0.478365384375 0.1374663078125 0.478365384375 0.1374663078125 0.48076923125000004 0.1442048515625 0.48076923125000004 0.1442048515625 0.478365384375 0.1469002703125 0.478365384375 0.1469002703125 0.4759615390625 0.14959568750000002 0.47355769218750005 0.14959568750000002 0.46634615312500005 0.150943396875 0.46634615312500005 0.150943396875 0.45673076874999996 0.1522911046875 0.45673076874999996 0.1522911046875 0.4519230765625 0.150943396875 0.4519230765625 0.150943396875 0.44230769218750005 0.14959568750000002 0.44230769218750005 0.14959568750000002 0.43509615312500005 0.14824797812499999 0.43509615312500005 0.14824797812499999 0.43269230781249995 0.1469002703125 0.43269230781249995 0.1455525609375 0.427884615625 0.14150943437500002 0.427884615625 0.14150943437500002 0.42548076874999996 0.140161725 0.42548076874999996 0.140161725 0.427884615625 0.13611859843750002 0.427884615625 0.13611859843750002 0.4302884609375 0.1347708890625 0.4302884609375 0.1347708890625 0.43509615312500005 0.13342318125 0.43509615312500005
0 0.43477088906250005 0.49711538437499997 0.4307277625 0.5091346156250001 0.42938005468749996 0.559615384375 0.4280323453125 0.559615384375 0.4266846359375 0.5740384609375 0.42533692656250005 0.5740384609375 0.422641509375 0.5932692312500001 0.42129380000000005 0.5932692312500001 0.42129380000000005 0.6125 0.4266846359375 0.6197115390625 0.440161725 0.622115384375 0.440161725 0.6245192312500001 0.45902965 0.6245192312500001 0.45902965 0.622115384375 0.467115903125 0.6197115390625 0.46981132031249995 0.6125 0.4684636125 0.5932692312500001 0.467115903125 0.5932692312500001 0.467115903125 0.583653846875 0.46576819374999995 0.583653846875 0.46576819374999995 0.5716346156250001 0.46442048593749996 0.5716346156250001 0.46442048593749996 0.5307692312500001 0.46576819374999995 0.5307692312500001 0.46442048593749996 0.5091346156250001 0.4601078171875 0.493028846875 0.457681940625 0.48701923125 0.45552560625 0.481009615625 0.4495956875 0.48509615312500004 0.44690027031249996 0.48509615312500004 0.4455525609375 0.489903846875 0.441509434375 0.489903846875 0.43746630781249995 0.49711538437499997 0.43477088906250005 0.49711538437499997
2 0.509375 0.50625 0.015625 0.075
3 0.5094339625 0.5793269234375 0.5094339625 0.60576923125 0.510781671875 0.60576923125 0.510781671875 0.6105769234375 0.5134770890625 0.6105769234375 0.5148247984375 0.615384615625 0.518867925 0.615384615625 0.518867925 0.6177884609375 0.5296495953125 0.6177884609375 0.5296495953125 0.615384615625 0.536388140625 0.615384615625 0.536388140625 0.61298076875 0.5417789749999999 0.6105769234375 0.5417789749999999 0.6081730765625 0.5444743937500001 0.60576923125 0.5444743937500001 0.6009615390625 0.5471698109375 0.5985576921875 0.5471698109375 0.591346153125 0.5485175203125 0.591346153125 0.5485175203125 0.564903846875 0.5471698109375 0.564903846875 0.5471698109375 0.5576923078125 0.545822103125 0.5576923078125 0.545822103125 0.5552884609375 0.5417789749999999 0.5552884609375 0.5417789749999999 0.552884615625 0.5377358484375 0.552884615625 0.5377358484375 0.55048076875 0.5336927218749999 0.55048076875 0.5336927218749999 0.5480769234375 0.5148247984375 0.5480769234375 0.5148247984375 0.55048076875 0.5134770890625 0.55048076875 0.5134770890625 0.552884615625 0.510781671875 0.5552884609375 0.510781671875 0.5793269234375 0.5094339625 0.5793269234375
2 0.58203125 0.45703125 0.0140625 0.07109375