0 0.32734375 0.56640625 0.04140625 0.1328125
0 0.5375 0.6359375 0.05546875 0.15078125
3 0.70078125 0.7109375 0.053125 0.0921875
2 0.87265625 0.825 0.03515625 0.1234375
2 0.1703125 0.5296875 0.02578125 0.08359375
2 0.25 0.4859375 0.02265625 0.07734375
2 0.65703125 0.6 0.025 0.0984375
0 0.41015625 0.59765625 0.04765625 0.13515625
2 0.821875 0.471875 0.02265625 0.07734375
2 0.621875 0.69296875 0.02734375 0.10390625
2 0.746875 0.5296875 0.0265625 0.08984375
2 0.78046875 0.78828125 0.028125 0.11640625
2 0.69765625 0.565625 0.0265625 0.09375
0 0.09140625 0.55390625 0.04609375 0.13203125
2 0.89765625 0.42109375 0.02109375 0.075
0 0.28828125 0.571875 0.040625 0.134375
2 0.37890625 0.42890625 0.025 0.06953125
2 0.965625 0.35859375 0.01640625 0.06640625