2 0.396875 0.3921875 0.0109375 0.0546875
2 0.4140625 0.40234375 0.01015625 0.053125
2 0.38359375 0.3046875 0.01328125 0.03828125
2 0.33828125 0.334375 0.00859375 0.03984375
2 0.48125 0.3828125 0.01171875 0.053125
2 0.509375 0.353125 0.00859375 0.04296875
2 0.5359375 0.3234375 0.0109375 0.04921875
2 0.55234375 0.49375 0.0140625 0.06015625
2 0.52109375 0.4765625 0.0171875 0.06171875
0 0.28125 0.3609375 0.015625 0.05859375
0 0.3140625 0.36328125 0.0125 0.05859375
0 0.33046875 0.3671875 0.015625 0.0609375
0 0.35390625 0.371875 0.01484375 0.0671875
0 0.44375 0.403125 0.0140625 0.075