0 0.05 0.43203125 0.0484375 0.1578125
2 0.2234375 0.34921875 0.025 0.0828125
0 0.26875 0.45234375 0.04609375 0.1546875
0 0.31875 0.43984375 0.05390625 0.146875
0 0.40625 0.475 0.0515625 0.146875
0 0.54921875 0.51171875 0.06171875 0.175
2 0.64140625 0.5828125 0.025 0.1296875
2 0.72109375 0.43984375 0.028125 0.1078125
2 0.6796875 0.48046875 0.02734375 0.1
2 0.78203125 0.39765625 0.03046875 0.096875
2 0.9484375 0.28203125 0.02421875 0.08125
2 0.1359375 0.4 0.02890625 0.0921875
2 0.36953125 0.290625 0.0296875 0.07890625
2 0.8171875 0.6828125 0.034375 0.12734375
2 0.91875 0.721875 0.04375 0.13671875
2 0.8640625 0.340625 0.02734375 0.08203125
3 0.728125 0.59375 0.04765625 0.103125