2 0.61484375 0.25078125 0.015625 0.0484375
0 0.34140625 0.3359375 0.0296875 0.1
2 0.53203125 0.3140625 0.0171875 0.071875
2 0.6640625 0.21015625 0.01484375 0.053125
2 0.2328125 0.25625 0.0171875 0.0578125
2 0.5875 0.48125 0.01953125 0.08828125
2 0.646875 0.5078125 0.0234375 0.0921875
2 0.50546875 0.3421875 0.01640625 0.06875
2 0.32109375 0.2125 0.01640625 0.05
0 0.28828125 0.31640625 0.03046875 0.096875
2 0.71015625 0.1625 0.0109375 0.04609375
2 0.48125 0.41015625 0.01484375 0.09140625
0 0.12890625 0.30703125 0.02578125 0.1015625
0 0.2609375 0.32265625 0.02890625 0.10546875
2 0.565625 0.2875 0.01875 0.0703125
2 0.18203125 0.28671875 0.01640625 0.06171875
3 0.534375 0.421875 0.03671875 0.071875
0 0.425 0.36796875 0.0296875 0.115625