2 0.7125 0.1875 0.01640625 0.0625
2 0.69453125 0.51796875 0.02734375 0.1046875
2 0.50625 0.409375 0.015625 0.08984375
2 0.225 0.23671875 0.0171875 0.06484375
0 0.1046875 0.2921875 0.0296875 0.10859375
2 0.16484375 0.271875 0.01953125 0.07421875
0 0.44140625 0.3609375 0.04140625 0.12265625
0 0.25390625 0.3109375 0.0296875 0.1140625
0 0.34609375 0.32734375 0.0328125 0.11171875
0 0.2859375 0.30703125 0.03515625 0.11171875
2 0.5625 0.30546875 0.01953125 0.07890625
2 0.6 0.27421875 0.0203125 0.07265625
2 0.65625 0.228125 0.01796875 0.0625
2 0.32265625 0.19140625 0.01953125 0.06015625
2 0.53203125 0.3328125 0.01953125 0.0796875
2 0.7640625 0.13359375 0.01171875 0.05390625
2 0.62421875 0.48828125 0.0203125 0.09609375
3 0.565625 0.42265625 0.03984375 0.07578125