0 0.0703125 0.25 0.0296875 0.09453125
0 0.19609375 0.259375 0.0234375 0.09296875
0 0.2203125 0.25625 0.0203125 0.09296875
0 0.275 0.27578125 0.025 0.09296875
0 0.35703125 0.3015625 0.0265625 0.09921875
2 0.41015625 0.34609375 0.0171875 0.0796875
2 0.11875 0.23359375 0.01640625 0.05859375
2 0.17265625 0.19921875 0.01484375 0.05703125
2 0.2515625 0.16328125 0.01328125 0.05390625
2 0.56953125 0.43203125 0.0140625 0.08671875
2 0.51171875 0.40625 0.01484375 0.0796875
2 0.5375 0.19375 0.0140625 0.05703125
2 0.584375 0.1609375 0.0171875 0.05703125
2 0.62734375 0.1203125 0.01015625 0.04765625
2 0.4890625 0.23203125 0.0203125 0.06484375
2 0.45703125 0.25234375 0.02109375 0.06328125
2 0.43125 0.27890625 0.01953125 0.06875
3 0.45859375 0.35546875 0.03125 0.071875