0 0.271875 0.32109375 0.01171875 0.05078125
0 0.3046875 0.321875 0.0125 0.05234375
0 0.32109375 0.32421875 0.01328125 0.05078125
0 0.34140625 0.328125 0.0140625 0.05390625
0 0.43125 0.35625 0.01328125 0.06328125
2 0.32734375 0.29609375 0.00859375 0.03125
2 0.37109375 0.271875 0.00546875 0.02890625
2 0.44296875 0.36328125 0.00859375 0.0421875
2 0.453125 0.3546875 0.00859375 0.04296875
2 0.4671875 0.33671875 0.00703125 0.04296875
2 0.49453125 0.3125 0.01015625 0.04140625
2 0.51875 0.2890625 0.009375 0.0375
2 0.50546875 0.41796875 0.009375 0.05
2 0.5359375 0.43203125 0.01171875 0.05546875