2 0.3140625 0.29453125 0.01171875 0.03828125
2 0.36015625 0.2703125 0.01328125 0.0328125
2 0.3734375 0.34765625 0.0109375 0.0484375
2 0.390625 0.35546875 0.009375 0.0484375
2 0.45703125 0.33828125 0.009375 0.0453125
2 0.4953125 0.42109375 0.01328125 0.05390625
2 0.52734375 0.43515625 0.0125 0.05703125
2 0.51015625 0.28828125 0.009375 0.04140625
2 0.5359375 0.26328125 0.01171875 0.03515625
0 0.25703125 0.31953125 0.01171875 0.05390625
0 0.29140625 0.3234375 0.01328125 0.05703125
0 0.30703125 0.3265625 0.0109375 0.05703125
0 0.32890625 0.33046875 0.01484375 0.05859375
0 0.41953125 0.35859375 0.01484375 0.0640625