2 0.5796875 0.13671875 0.01640625 0.05703125
0 0.15 0.38203125 0.04375 0.12578125
2 0.2703125 0.3484375 0.02421875 0.08203125
2 0.23671875 0.42890625 0.03203125 0.09921875
3 0.31328125 0.440625 0.053125 0.065625
2 0.3109375 0.3140625 0.02734375 0.08671875
2 0.39375 0.5109375 0.0296875 0.10234375
2 0.4359375 0.2359375 0.02421875 0.06640625
2 0.51015625 0.1890625 0.02265625 0.065625
2 0.3609375 0.28359375 0.028125 0.07890625
2 0.48671875 0.54140625 0.03515625 0.10703125
0 0.02265625 0.3421875 0.04296875 0.1171875