0 0.53515625 0.52734375 0.05546875 0.1171875
2 0.74375 0.440625 0.0265625 0.0734375
0 0.4078125 0.4953125 0.04765625 0.1078125
2 0.25 0.40703125 0.0234375 0.06328125
0 0.28828125 0.475 0.0421875 0.10546875
2 0.89140625 0.35546875 0.02109375 0.06015625
0 0.0921875 0.46015625 0.04609375 0.109375
2 0.6546875 0.496875 0.02578125 0.0796875
2 0.8171875 0.39453125 0.0234375 0.0625
2 0.69453125 0.46875 0.0265625 0.078125
2 0.378125 0.36015625 0.02421875 0.05546875
2 0.1703125 0.440625 0.0265625 0.0703125
2 0.61875 0.57421875 0.0265625 0.08515625
0 0.3296875 0.471875 0.04765625 0.10703125
2 0.9609375 0.303125 0.015625 0.053125
2 0.77734375 0.6515625 0.02890625 0.09453125
3 0.69765625 0.5859375 0.053125 0.07578125
2 0.86875 0.67890625 0.03203125 0.09609375