0 0.5421875 0.515625 0.053125 0.13359375
2 0.85625 0.68671875 0.03359375 0.1171875
3 0.69609375 0.58046875 0.05078125 0.0890625
0 0.12265625 0.43515625 0.04375 0.1265625
2 0.1953125 0.41171875 0.02421875 0.07890625
2 0.81015625 0.35859375 0.021875 0.07109375
2 0.88125 0.3125 0.0203125 0.06953125
2 0.39296875 0.3171875 0.0234375 0.0671875
2 0.73984375 0.4109375 0.025 0.084375
2 0.6546875 0.47734375 0.02421875 0.08984375
0 0.34765625 0.446875 0.04453125 0.125
0 0.421875 0.478125 0.04453125 0.12734375
2 0.69296875 0.4453125 0.02578125 0.0890625
0 0.3078125 0.45234375 0.0390625 0.12421875
2 0.27109375 0.37109375 0.02109375 0.0734375
2 0.94609375 0.25234375 0.01484375 0.0609375
2 0.771875 0.65546875 0.028125 0.11328125
2 0.621875 0.56640625 0.028125 0.09921875
2 0.99453125 0.20703125 0.01015625 0.0515625