0 0.10078125 0.4171875 0.0234375 0.0703125
0 0.20703125 0.43046875 0.02109375 0.078125
0 0.23359375 0.415625 0.0234375 0.07578125
0 0.26640625 0.4 0.025 0.0765625
0 0.3390625 0.4671875 0.0328125 0.0921875
2 0.4359375 0.40625 0.0171875 0.05703125
2 0.45234375 0.5515625 0.015625 0.065625
2 0.4984375 0.5734375 0.015625 0.0703125
2 0.4734375 0.375 0.0171875 0.05
2 0.51015625 0.3453125 0.015625 0.04765625
2 0.39296875 0.4421875 0.01875 0.059375
2 0.29375 0.46484375 0.015625 0.05859375
2 0.2625 0.4546875 0.01328125 0.06328125
2 0.1453125 0.4046875 0.015625 0.05
2 0.1828125 0.38125 0.01953125 0.04375
2 0.24765625 0.3484375 0.01875 0.04296875