2 0.23359375 0.48046875 0.02109375 0.071875
0 0.08984375 0.54140625 0.03515625 0.121875
2 0.59375 0.5859375 0.021875 0.08828125
2 0.70234375 0.76015625 0.02421875 0.10546875
2 0.6296875 0.55390625 0.0234375 0.08671875
2 0.16171875 0.521875 0.02421875 0.07890625
2 0.7875 0.79375 0.0265625 0.11484375
0 0.26640625 0.56015625 0.0375 0.12265625
2 0.5609375 0.6703125 0.025 0.09921875
0 0.375 0.58203125 0.04140625 0.12265625
0 0.3046875 0.55546875 0.0421875 0.12265625
2 0.6734375 0.51796875 0.02265625 0.08515625
2 0.34765625 0.42734375 0.021875 0.0640625
0 0.48984375 0.6203125 0.04453125 0.13203125
2 0.7390625 0.4671875 0.0203125 0.07109375
2 0.80625 0.4171875 0.01640625 0.0734375
3 0.63125 0.684375 0.040625 0.0828125