0 0.08203125 0.3703125 0.03515625 0.14453125
0 0.253125 0.39453125 0.03203125 0.159375
0 0.296875 0.365625 0.0390625 0.15078125
0 0.35078125 0.33203125 0.0328125 0.14765625
0 0.46953125 0.46875 0.03203125 0.16953125
2 0.15234375 0.346875 0.01953125 0.10703125
2 0.21796875 0.29921875 0.01953125 0.08515625
2 0.325 0.2328125 0.01953125 0.0875
2 0.34453125 0.4484375 0.0203125 0.1125
2 0.39609375 0.4609375 0.0234375 0.12109375
2 0.56015625 0.41484375 0.0203125 0.11875
2 0.6265625 0.34609375 0.0234375 0.10859375
2 0.6890625 0.28515625 0.02578125 0.10703125
2 0.75078125 0.2296875 0.02265625 0.090625
2 0.6546875 0.63359375 0.02265625 0.14453125
2 0.728125 0.67578125 0.02734375 0.14765625