2 0.34296875 0.28125 0.00859375 0.0328125
2 0.38671875 0.259375 0.009375 0.03125
2 0.51484375 0.2984375 0.01171875 0.0375
2 0.540625 0.27734375 0.01171875 0.03515625
2 0.5671875 0.25703125 0.0109375 0.03125
2 0.52578125 0.40078125 0.0140625 0.05
2 0.55859375 0.41484375 0.01484375 0.05625
0 0.4484375 0.34375 0.015625 0.05859375
2 0.46015625 0.34140625 0.01171875 0.04140625
2 0.47265625 0.3390625 0.01015625 0.040625
2 0.4875 0.325 0.01328125 0.03671875
0 0.28515625 0.30625 0.0140625 0.0515625
0 0.31875 0.3109375 0.01328125 0.05546875
0 0.3359375 0.31640625 0.0125 0.05234375
0 0.35859375 0.3171875 0.015625 0.05546875