2 0.17109375 0.3 0.021875 0.096875
2 0.23984375 0.25859375 0.02578125 0.084375
2 0.3515625 0.2015625 0.028125 0.0703125
2 0.3734375 0.39296875 0.02421875 0.11953125
2 0.4296875 0.41171875 0.02890625 0.1109375
2 0.603125 0.36953125 0.025 0.1125
2 0.67265625 0.303125 0.02421875 0.103125
2 0.73984375 0.25 0.02890625 0.0953125
2 0.80546875 0.19609375 0.0234375 0.084375
2 0.70390625 0.56875 0.02578125 0.13671875
2 0.7828125 0.609375 0.03203125 0.13984375
0 0.096875 0.32734375 0.0359375 0.12890625
0 0.278125 0.35078125 0.040625 0.14609375
0 0.3234375 0.328125 0.04140625 0.13671875
0 0.38125 0.290625 0.04296875 0.12578125
0 0.50625 0.421875 0.04453125 0.15234375