0 0.0703125 0.4609375 0.028125 0.0875
0 0.21171875 0.47578125 0.03125 0.1078125
0 0.2484375 0.45859375 0.03046875 0.1
0 0.29140625 0.434375 0.02890625 0.09921875
0 0.390625 0.5296875 0.03203125 0.109375
2 0.128125 0.44375 0.015625 0.0609375
2 0.1828125 0.41015625 0.01640625 0.05546875
2 0.26953125 0.37109375 0.01953125 0.05859375
2 0.2875 0.509375 0.01875 0.075
2 0.3296875 0.52265625 0.0265625 0.08359375
2 0.4640625 0.49375 0.02265625 0.0765625
2 0.51796875 0.44296875 0.0234375 0.0796875
2 0.56875 0.4015625 0.02265625 0.0625
2 0.61953125 0.36328125 0.01953125 0.05546875
2 0.53984375 0.63984375 0.01953125 0.09296875
2 0.603125 0.66328125 0.02265625 0.09140625