2 0.79765625 0.725 0.03359375 0.1296875
2 0.5421875 0.48515625 0.02890625 0.10234375
2 0.73515625 0.3515625 0.0265625 0.08203125
2 0.06875 0.3671875 0.028125 0.08203125
2 0.8234375 0.29765625 0.02578125 0.0796875
2 0.90234375 0.23359375 0.01796875 0.06640625
0 0.25859375 0.4828125 0.0515625 0.14140625
0 0.11328125 0.45546875 0.0484375 0.13828125
0 0.4046875 0.5234375 0.05703125 0.153125
0 0.16171875 0.45078125 0.05703125 0.13828125
2 0.64765625 0.41171875 0.0296875 0.09375
2 0.5890625 0.4515625 0.03125 0.1015625
2 0.215625 0.30703125 0.0296875 0.075
2 0.5015625 0.58359375 0.0328125 0.1125
2 0.68671875 0.68515625 0.03125 0.11875
2 0.9578125 0.18203125 0.01640625 0.05546875
2 0.98125 0.15234375 0.01328125 0.0421875
3 0.59296875 0.60234375 0.05390625 0.09609375