0 0.321875 0.53671875 0.0734375 0.14765625
2 0.434375 0.59140625 0.0375 0.1109375
2 0.48203125 0.49375 0.03359375 0.103125
2 0.5359375 0.4609375 0.0359375 0.10078125
2 0.70390625 0.36484375 0.03125 0.07890625
3 0.5421875 0.61015625 0.07265625 0.10234375
2 0.603125 0.421875 0.03359375 0.0953125
2 0.8046875 0.31015625 0.028125 0.07734375
2 0.7703125 0.7328125 0.05 0.1296875
2 0.896875 0.24453125 0.021875 0.065625
2 0.64921875 0.69375 0.03671875 0.11875
2 0.109375 0.31640625 0.03359375 0.0765625
0 0.15078125 0.49296875 0.06640625 0.140625
0 0.03984375 0.4640625 0.06953125 0.14296875
2 0.959375 0.19453125 0.01953125 0.05546875