2 0.15234375 0.36796875 0.02109375 0.06328125
2 0.20390625 0.3453125 0.01640625 0.046875
2 0.2890625 0.303125 0.02265625 0.05390625
2 0.30625 0.4390625 0.0234375 0.08203125
2 0.34921875 0.4453125 0.03046875 0.07890625
2 0.47890625 0.41875 0.0171875 0.06640625
2 0.53203125 0.37578125 0.02265625 0.06953125
2 0.58203125 0.33671875 0.02578125 0.06640625
2 0.63203125 0.3046875 0.025 0.06328125
2 0.55546875 0.5515625 0.02734375 0.09609375
2 0.615625 0.57578125 0.02734375 0.09765625
0 0.09609375 0.3875 0.03046875 0.08984375
0 0.23046875 0.40390625 0.02890625 0.09453125
0 0.2671875 0.38828125 0.0296875 0.09453125
0 0.31015625 0.36328125 0.03515625 0.07890625
0 0.40703125 0.45078125 0.03046875 0.09921875