2 0.21796875 0.3625 0.03203125 0.06875
2 0.33046875 0.31640625 0.034375 0.0703125
0 0.48203125 0.48203125 0.0359375 0.12734375
2 0.5109375 0.48515625 0.0203125 0.08046875
2 0.5375 0.478125 0.0234375 0.09140625
2 0.57890625 0.44609375 0.02578125 0.08359375
2 0.64375 0.39609375 0.02421875 0.08359375
2 0.7078125 0.34765625 0.0203125 0.0765625
2 0.77578125 0.31015625 0.03359375 0.0671875
2 0.671875 0.60234375 0.02421875 0.09765625
2 0.75078125 0.62890625 0.0296875 0.10390625
0 0.0796875 0.40703125 0.028125 0.10546875
0 0.16171875 0.4140625 0.03125 0.11015625
0 0.203125 0.4234375 0.02734375 0.11015625
0 0.259375 0.43203125 0.03046875 0.11484375