0 0.075 0.47578125 0.04921875 0.115625
0 0.23046875 0.50234375 0.0453125 0.13671875
0 0.26328125 0.4828125 0.0390625 0.11875
0 0.2859375 0.4671875 0.03671875 0.1203125
0 0.4453125 0.55 0.04765625 0.15
2 0.35703125 0.53984375 0.034375 0.10390625
2 0.140625 0.4515625 0.0359375 0.09140625
2 0.1984375 0.4203125 0.03515625 0.0859375
2 0.30625 0.37734375 0.04375 0.075
2 0.30390625 0.5359375 0.03125 0.09140625
2 0.5078125 0.5015625 0.03671875 0.09609375
2 0.58515625 0.45703125 0.03671875 0.09609375
2 0.63828125 0.409375 0.03359375 0.09140625
2 0.69140625 0.365625 0.0421875 0.08828125
2 0.7515625 0.3234375 0.0328125 0.06796875
2 0.79921875 0.284375 0.03359375 0.0859375
2 0.8265625 0.253125 0.01875 0.05859375
2 0.83359375 0.2234375 0.02578125 0.046875
2 0.8328125 0.10625 0.02109375 0.04375
2 0.84140625 0.17890625 0.02109375 0.05078125
2 0.859375 0.171875 0.01796875 0.06796875
2 0.6765625 0.684375 0.03671875 0.13984375
2 0.6125 0.6765625 0.03828125 0.13671875
3 0.5359375 0.59296875 0.10625 0.16640625