0 0.15546875 0.28359375 0.03125 0.09375
0 0.31640625 0.3015625 0.0296875 0.10390625
0 0.3578125 0.2796875 0.03359375 0.10078125
0 0.40859375 0.25703125 0.03828125 0.090625
0 0.51953125 0.34765625 0.04375 0.11953125
2 0.221875 0.26328125 0.021875 0.06484375
2 0.2828125 0.2359375 0.021875 0.06171875
2 0.3828125 0.1890625 0.0265625 0.06328125
2 0.40078125 0.33671875 0.0234375 0.08125
2 0.4515625 0.34375 0.03125 0.0890625
2 0.60546875 0.3171875 0.028125 0.08125
2 0.66875 0.265625 0.01953125 0.07265625
2 0.72734375 0.225 0.0265625 0.07265625
2 0.784375 0.1859375 0.028125 0.06640625
2 0.69296875 0.4671875 0.034375 0.10078125
2 0.76640625 0.4921875 0.02578125 0.10234375