0 0.2765625 0.33125 0.01328125 0.04765625
0 0.30859375 0.33203125 0.0140625 0.05703125
0 0.32421875 0.33515625 0.01328125 0.0546875
0 0.34609375 0.3375 0.015625 0.0609375
0 0.43515625 0.3671875 0.01484375 0.06484375
2 0.45859375 0.3609375 0.00703125 0.040625
2 0.47265625 0.34765625 0.009375 0.0421875
2 0.50078125 0.321875 0.0078125 0.03671875
2 0.5125 0.428125 0.009375 0.04921875
2 0.52578125 0.2984375 0.00625 0.03359375
2 0.54296875 0.44375 0.009375 0.0546875
2 0.44609375 0.36796875 0.00859375 0.04609375
2 0.33203125 0.3046875 0.009375 0.028125