0 0.18828125 0.38671875 0.0234375 0.07578125
0 0.25078125 0.3921875 0.02421875 0.0859375
0 0.2796875 0.3984375 0.025 0.09296875
0 0.3203125 0.40078125 0.02421875 0.0828125
0 0.4875 0.4421875 0.02421875 0.09765625
2 0.3984375 0.42421875 0.01953125 0.07109375
2 0.43203125 0.434375 0.0203125 0.07578125
2 0.37421875 0.30859375 0.01953125 0.0515625
2 0.55703125 0.41484375 0.02578125 0.06953125
2 0.60546875 0.37578125 0.02265625 0.05625
2 0.65625 0.33984375 0.01796875 0.0609375
2 0.6265625 0.53125 0.02265625 0.0765625
2 0.68515625 0.553125 0.0203125 0.0796875