2 0.26953125 0.2578125 0.025 0.09453125
2 0.60546875 0.44765625 0.02890625 0.12890625
2 0.63828125 0.43359375 0.02578125 0.13203125
2 0.678125 0.384375 0.02890625 0.13359375
2 0.759375 0.309375 0.0296875 0.11640625
2 0.83671875 0.24140625 0.0296875 0.11328125
2 0.9078125 0.1765625 0.03359375 0.09921875
2 0.79375 0.62578125 0.028125 0.14765625
2 0.8859375 0.66953125 0.03125 0.1671875
0 0.10546875 0.3328125 0.03671875 0.14765625
0 0.20234375 0.34375 0.0296875 0.165625
0 0.24765625 0.35234375 0.03125 0.153125
0 0.3109375 0.3609375 0.034375 0.1765625
0 0.57265625 0.44609375 0.0359375 0.18125