0 0.28984375 0.49921875 0.0328125 0.15546875
0 0.23046875 0.49140625 0.02734375 0.13046875
0 0.18515625 0.478125 0.03125 0.1296875
0 0.096875 0.4734375 0.0359375 0.1125
0 0.53125 0.56484375 0.0359375 0.15078125
2 0.36875 0.3484375 0.02265625 0.07265625
2 0.24921875 0.40546875 0.0171875 0.08046875
2 0.5640625 0.571875 0.025 0.1125
2 0.59453125 0.56171875 0.01875 0.10625
2 0.63515625 0.51875 0.02578125 0.1125
2 0.71171875 0.4546875 0.028125 0.10625
2 0.77734375 0.3890625 0.02578125 0.1046875
2 0.8484375 0.3390625 0.02578125 0.09453125
2 0.74296875 0.71484375 0.02421875 0.121875
2 0.825 0.74921875 0.03359375 0.1265625