0 0.2765625 0.30390625 0.01484375 0.04765625
0 0.30859375 0.30625 0.0171875 0.05625
0 0.32578125 0.309375 0.0140625 0.053125
0 0.3484375 0.31171875 0.0171875 0.06015625
0 0.4390625 0.33828125 0.01953125 0.06484375
2 0.3328125 0.2765625 0.01015625 0.03203125
2 0.37734375 0.25625 0.0109375 0.03203125
2 0.45234375 0.3390625 0.01015625 0.0421875
2 0.4640625 0.334375 0.01015625 0.04140625
2 0.478125 0.31875 0.0125 0.03671875
2 0.50625 0.29609375 0.0140625 0.04609375
2 0.5328125 0.27421875 0.0125 0.0390625
2 0.55859375 0.253125 0.01328125 0.03828125
2 0.51875 0.396875 0.01171875 0.0484375
2 0.54921875 0.41015625 0.01328125 0.053125