0 0.190625 0.41015625 0.0234375 0.06875
0 0.246875 0.41328125 0.02109375 0.071875
0 0.27578125 0.41796875 0.0203125 0.0734375
0 0.31328125 0.42109375 0.02421875 0.0765625
0 0.4671875 0.46171875 0.0265625 0.08203125
2 0.2890625 0.37109375 0.01640625 0.0421875
2 0.365625 0.33984375 0.01328125 0.0421875
2 0.49140625 0.46328125 0.02109375 0.05859375
2 0.509375 0.45625 0.0171875 0.06015625
2 0.5328125 0.434375 0.0203125 0.06171875
2 0.5796875 0.39765625 0.01640625 0.04765625
2 0.625 0.36640625 0.01875 0.05703125
2 0.671875 0.3375 0.01484375 0.06171875
2 0.6 0.54375 0.0203125 0.0703125
2 0.6546875 0.56484375 0.021875 0.0734375