0 0.3296875 0.34296875 0.01171875 0.05234375
0 0.33984375 0.3375 0.01015625 0.0546875
0 0.34765625 0.33359375 0.00859375 0.0609375
2 0.3125 0.3046875 0.0078125 0.03203125
2 0.35234375 0.28125 0.009375 0.02890625
2 0.353125 0.3609375 0.0078125 0.040625
2 0.371875 0.3625 0.00625 0.040625
2 0.440625 0.3484375 0.00625 0.0390625
2 0.4765625 0.428125 0.00703125 0.046875
2 0.5046875 0.4421875 0.009375 0.046875
2 0.5125 0.278125 0.00546875 0.0296875
2 0.53515625 0.253125 0.00390625 0.028125
3 0.44453125 0.3890625 0.01484375 0.04140625
0 0.26171875 0.3296875 0.0140625 0.05390625
2 0.2875 0.321875 0.00703125 0.03359375
0 0.40703125 0.3671875 0.0125 0.06015625