0 0.2609375 0.328125 0.02421875 0.07421875
0 0.3296875 0.340625 0.01796875 0.06328125
0 0.340625 0.3359375 0.0140625 0.0625
0 0.34921875 0.33125 0.01015625 0.06640625
2 0.2890625 0.3203125 0.0140625 0.0453125
2 0.3109375 0.30390625 0.0140625 0.03984375
2 0.3546875 0.27890625 0.0171875 0.0375
2 0.353125 0.3609375 0.0109375 0.040625
2 0.37265625 0.3640625 0.01328125 0.053125
2 0.440625 0.3515625 0.0109375 0.05625
2 0.47421875 0.4375 0.01640625 0.07109375
2 0.50703125 0.44609375 0.0171875 0.06640625
0 0.40625 0.3703125 0.0203125 0.07421875
2 0.51328125 0.27890625 0.01171875 0.0421875
2 0.5359375 0.25390625 0.01015625 0.03828125
3 0.446875 0.39375 0.0453125 0.078125